timestamp: '2025-06-28T11:38:49.112393'
git_revision: unknown
config_file: configs/250620_G1-5_cim.yaml
num_tasks: 38500
num_graphs: 5
num_ranks: 128
total_steps_processed: 3850000000
assumed_time_per_step_us: 7000
estimated_runtime_seconds: 210546.875
actual_time_per_step_us: 6690.726845363022
actual_walltime_seconds: 204683.73461580276
