timestamp: '2025-07-01T06:39:58.819398'
git_revision: unknown
config_file: configs/250628_G1-5_poly_max-4-cut.yaml
num_tasks: 139500
num_graphs: 5
num_ranks: 115
total_steps_processed: 139500000000
assumed_time_per_step_us: 200
estimated_runtime_seconds: 242608.6956
actual_time_per_step_us: 192.26290599397947
actual_walltime_seconds: 233943.74458432198
