timestamp: '2025-06-21T23:10:40.559740'
git_revision: unknown
config_file: configs/250618_G1-5_NEC.yaml
num_tasks: 159500
num_graphs: 5
num_ranks: 128
total_steps_processed: 79750000000
assumed_time_per_step_us: 400
estimated_runtime_seconds: 249218.75
actual_time_per_step_us: 160.33137452650817
actual_walltime_seconds: 100219.54015183449
