timestamp: '2025-06-30T01:27:32.143309'
git_revision: unknown
config_file: configs/250628_G1-5_poly.yaml
num_tasks: 104000
num_graphs: 5
num_ranks: 128
total_steps_processed: 104000000000
assumed_time_per_step_us: 150
estimated_runtime_seconds: 121875.0
actual_time_per_step_us: 160.50296076204685
actual_walltime_seconds: 130834.33269143105
