timestamp: '2025-06-18T12:02:29.770482'
git_revision: unknown
config_file: configs/250618_G1-5_cim_max-4-cut_mini_3.yaml
num_tasks: 1100
num_graphs: 5
num_ranks: 256
total_steps_processed: 110000000
assumed_time_per_step_us: 25000
estimated_runtime_seconds: 10742.175
actual_time_per_step_us: 12692.488541533732
actual_walltime_seconds: 6555.943536758423
