timestamp: '2025-06-05T05:01:03.951435'
git_revision: unknown
config_file: configs/250602_G1-5.yaml
num_tasks: 113000
num_graphs: 5
num_ranks: 192
total_steps_processed: 52400000000
assumed_time_per_step_us: 750
estimated_runtime_seconds: 204687.4995
actual_time_per_step_us: 214.457998271175
actual_walltime_seconds: 59250.16272830963
