timestamp: '2025-06-17T22:42:02.740306'
git_revision: unknown
config_file: configs/250617_G1-5_cim_max-4-cut_mini_2.yaml
num_tasks: 2700
num_graphs: 5
num_ranks: 128
total_steps_processed: 270000000
assumed_time_per_step_us: 15000
estimated_runtime_seconds: 31640.625
actual_time_per_step_us: 11037.67466256442
actual_walltime_seconds: 23973.07862663269
