timestamp: '2025-05-27T18:13:47.257726'
git_revision: unknown
config_file: configs/250527_gset_test.yaml
num_tasks: 43000
num_graphs: 4
num_ranks: 60
total_steps_processed: 812120000
assumed_time_per_step_us: 400
estimated_runtime_seconds: 5414.1332
actual_time_per_step_us: 503.05247069878897
actual_walltime_seconds: 7230.441366672516
