timestamp: '2025-05-30T23:19:57.083468'
git_revision: unknown
config_file: configs/250528_gset.yaml
num_tasks: 170400
num_graphs: 4
num_ranks: 120
total_steps_processed: 29880000000
assumed_time_per_step_us: 500
estimated_runtime_seconds: 124500.0
actual_time_per_step_us: 334.6912718164075
actual_walltime_seconds: 91783.40844368935
