timestamp: '2025-06-13T05:47:14.740001'
git_revision: unknown
config_file: configs/250611_G1-5_cim_mini.yaml
num_tasks: 700
num_graphs: 5
num_ranks: 72
total_steps_processed: 350000000
assumed_time_per_step_us: 5000
estimated_runtime_seconds: 24305.555
actual_time_per_step_us: 6582.831408950941
actual_walltime_seconds: 37654.02120900154
