timestamp: '2025-06-25T22:12:04.353816'
git_revision: unknown
config_file: configs/250620_G1-5_cim_max-4-cut.yaml
num_tasks: 38500
num_graphs: 5
num_ranks: 128
total_steps_processed: 3850000000
assumed_time_per_step_us: 13000
estimated_runtime_seconds: 391015.625
actual_time_per_step_us: 11035.847011379392
actual_walltime_seconds: 340781.87721657753
