timestamp: '2025-06-23T18:31:12.855140'
git_revision: unknown
config_file: configs/250620_G1-5_sigmoid_max-4-cut.yaml
num_tasks: 42000
num_graphs: 5
num_ranks: 128
total_steps_processed: 84000000000
assumed_time_per_step_us: 300
estimated_runtime_seconds: 196875.0
actual_time_per_step_us: 266.07150442779346
actual_walltime_seconds: 180213.6542236805
