timestamp: '2025-06-20T14:19:49.926334'
git_revision: unknown
config_file: configs/250618_G1-5_poly_qpdc.yaml
num_tasks: 85000
num_graphs: 5
num_ranks: 128
total_steps_processed: 72650000000
assumed_time_per_step_us: 250
estimated_runtime_seconds: 141894.53125
actual_time_per_step_us: 144.18530131428633
actual_walltime_seconds: 82957.83524131775
