solution_N120 = [2044.000000, 2044.000000, 2047.000000, 2035.000000, 2035.000000, 2037.000000, 2040.000000,2042.000000, 2044.000000, 2042.000000]
solution_N150 = [3155.000000,3153.000000, 3154.000000, 3144.000000, 3154.000000, 3146.000000, 3166.000000, 3150.000000, 3152.000000, 3153.000000]
solution_N200 = [5542.000000, 5519.000000, 5528.000000, 5532.000000, 5523.000000, 5517.000000, 5528.000000, 5515.000000, 5518.000000, 5522.000000]
solution_N300 = [12225.000000, 12207.000000, 12216.000000, 12218.000000, 12225.000000, 12214.000000, 12235.000000, 12212.000000, 12222.000000, 12223.000000]