timestamp: '2025-06-10T16:52:15.726382'
git_revision: 56e3c360781fa0036488be77b453539afb0d4a9d
config_file: configs/max4cut_test.yaml
num_tasks: 8
num_graphs: 1
num_ranks: 1
total_steps_processed: 4000000
assumed_time_per_step_us: 150
estimated_runtime_seconds: 600.0
actual_time_per_step_us: 60.82072842121124
actual_walltime_seconds: 243.2977659702301
