timestamp: '2025-06-02T12:58:48.484386'
git_revision: unknown
config_file: configs/250528_gset_test.yaml
num_tasks: 17040
num_graphs: 4
num_ranks: 128
total_steps_processed: 2988000000
assumed_time_per_step_us: 500
estimated_runtime_seconds: 11671.875
actual_time_per_step_us: 66.33752944367318
actual_walltime_seconds: 1612.6138768196106
