timestamp: '2025-05-11T20:26:27.331568'
git_revision: unknown
config_file: configs/250511.yaml
num_tasks: 1795000
num_graphs: 5
num_ranks: 80
total_steps_processed: 28120000000
assumed_time_per_step_us: 100
estimated_runtime_seconds: 35150.0
actual_time_per_step_us: 93.98034669313458
actual_walltime_seconds: 33162.451420784
